DURATION_COST=0.0000166667
MILLIONS_REQUESTS_COST=0.20
CONCURRENCY_COST=0.000041667
STORAGE_COST=0.000000
FREE_TIER_DURATION=400000
FREE_TIER_REQUESTS=1000000
REQUEST_COST_PER_UNIT=0.0000002
